,cH_connector_pad_Q1,cL_connector_pad_Q1,cR_connector_pad_Q1,ground_main_plane,pad_bot_Q1,pad_top_Q1
cH_connector_pad_Q1,39.35813,-0.11461,-0.06975,-29.71299,-7.98781,-0.91616
cL_connector_pad_Q1,-0.11461,39.32804,-0.06978,-29.68392,-7.98894,-0.91639
cR_connector_pad_Q1,-0.06975,-0.06978,40.03184,-28.80337,-0.96402,-9.53586
ground_main_plane,-29.71299,-29.68392,-28.80337,254.18358,-50.24602,-53.93567
pad_bot_Q1,-7.98781,-7.98894,-0.96402,-50.24602,108.35462,-37.86976
pad_top_Q1,-0.91616,-0.91639,-9.53586,-53.93567,-37.86976,106.55609
