,a_connector_pad_Q1,a_connector_pad_Q2,a_connector_pad_Q3,a_connector_pad_Q4,c_connector_pad_Q1,c_connector_pad_Q2,c_connector_pad_Q3,c_connector_pad_Q4,cl_metal_Q1,cl_metal_Q2,cl_metal_Q3,cl_metal_Q4,launch_pad_CL1,launch_pad_CL2,launch_pad_CL3,launch_pad_CL4,launch_pad_R1,launch_pad_R2,launch_pad_R3,launch_pad_R4,pad_bot_Q1,pad_bot_Q2,pad_bot_Q3,pad_bot_Q4,pad_top_Q1,pad_top_Q2,pad_top_Q3,pad_top_Q4
a_connector_pad_Q1,1210.85977,-0.19035,-0.07706,-0.00145,-0.13273,-0.00106,-0.20723,-0.00024,-0.01355,-0.00049,-0.27833,-0.00024,-0.00012,-7e-05,-0.00082,-0.00014,-0.00046,-8e-05,-0.00143,-7e-05,-13.26098,-0.0069,-1.19185,-0.00097,-1.01798,-0.00294,-13.99225,-0.00106
a_connector_pad_Q2,-0.19035,1324.71931,-0.00797,-0.07276,-0.06508,-0.1346,-0.00353,-0.00075,-0.0277,-0.01259,-0.00495,-0.0004,-0.00046,-0.0001,-0.00038,-8e-05,-0.00049,-0.00059,-0.00022,-0.0001,-1.06178,-13.32655,-0.01203,-0.0016,-13.5146,-1.01098,-0.01772,-0.00222
a_connector_pad_Q3,-0.07706,-0.00797,1260.0047,-0.1992,-0.00044,-0.002,-0.14332,-0.07002,-0.00038,-0.00473,-0.01288,-0.02791,-7e-05,-0.00035,-8e-05,-0.00039,-8e-05,-0.00018,-0.00051,-0.00043,-0.00254,-0.01226,-13.38732,-1.08145,-0.00216,-0.01643,-1.02575,-13.72947
a_connector_pad_Q4,-0.00145,-0.07276,-0.1992,1162.22026,-0.00132,-0.20057,-0.00141,-0.15879,-0.00024,-0.27012,-0.00038,-0.01494,-0.00015,-0.00064,-8e-05,-0.00012,-6e-05,-0.00137,-0.0001,-0.00044,-0.00034,-1.16931,-0.00231,-13.49976,-0.00043,-13.88014,-0.00177,-1.06224
c_connector_pad_Q1,-0.13273,-0.06508,-0.00044,-0.00132,1456.99095,-0.00028,-0.00247,-0.00029,-0.16305,-0.00089,-0.13271,-0.00025,-0.00054,-7e-05,-0.01474,-7e-05,-4.72237,-0.00014,-0.00026,-7e-05,-13.28438,0.0,-0.0018,-0.00034,-1.03956,-0.00297,-0.00402,-0.00028
c_connector_pad_Q2,-0.00106,-0.1346,-0.002,-0.20057,-0.00028,1421.03603,-0.00168,-0.00158,-0.00093,-0.19165,-0.0003,-0.00049,-0.00035,-0.00034,-0.0001,-9e-05,-0.00013,-4.71271,-8e-05,-0.00019,-0.00121,-13.36549,-0.0014,-0.003,-0.00067,-1.01623,-0.00131,-0.00283
c_connector_pad_Q3,-0.20723,-0.00353,-0.14332,-0.00141,-0.00247,-0.00168,1392.29581,-0.00118,-0.00042,-0.00029,-0.18854,-0.00089,-6e-05,-8e-05,-0.00021,-0.0003,-0.00017,-3e-05,-4.71275,-0.00012,-0.00293,-0.00128,-13.439,-0.00078,-0.0031,-0.00228,-1.03081,-0.00081
c_connector_pad_Q4,-0.00024,-0.00075,-0.07002,-0.15879,-0.00029,-0.00158,-0.00118,1363.07324,-0.00018,-0.12539,-0.00016,-0.17581,-9e-05,-0.01407,-6e-05,-0.00038,-6e-05,-0.00026,-0.0001,-4.70981,-0.0003,-0.00244,-0.00057,-13.49353,-0.00027,-0.0027,-0.00022,-1.08056
cl_metal_Q1,-0.01355,-0.0277,-0.00038,-0.00024,-0.16305,-0.00093,-0.00042,-0.00018,895.83966,-0.00029,-0.00308,-0.0004,-4.67415,-5e-05,-0.00057,-3e-05,-0.0027,-0.00014,-6e-05,-3e-05,-0.30879,-0.00118,-0.00066,-0.00023,-0.64161,0.0,-0.00118,-0.00022
cl_metal_Q2,-0.00049,-0.01259,-0.00473,-0.27012,-0.00089,-0.19165,-0.00029,-0.12539,-0.00029,975.53278,-0.00055,-0.00307,-0.00013,-4.6748,-4e-05,-0.00013,-4e-05,-0.00392,-6e-05,-0.00349,-0.00021,-0.29781,-0.00032,-0.01895,-0.00028,-0.56849,-0.00052,-0.01445
cl_metal_Q3,-0.27833,-0.00495,-0.01288,-0.00038,-0.13271,-0.0003,-0.18854,-0.00016,-0.00308,-0.00055,975.42895,-0.00018,-0.00013,-3e-05,-4.67647,-0.0002,-0.00338,-6e-05,-0.00397,-4e-05,-0.01998,-0.00081,-0.29043,-0.00023,-0.01457,-0.00064,-0.54121,-0.00032
cl_metal_Q4,-0.00024,-0.0004,-0.02791,-0.01494,-0.00025,-0.00049,-0.00089,-0.17581,-0.0004,-0.00307,-0.00018,894.88097,-3e-05,-0.00047,-4e-05,-4.67049,-3e-05,-8e-05,-0.00013,-0.00262,-0.00037,-0.00041,-0.001,-0.29245,-0.00034,-0.00087,-0.00074,-0.55755
launch_pad_CL1,-0.00012,-0.00046,-7e-05,-0.00015,-0.00054,-0.00035,-6e-05,-9e-05,-4.67415,-0.00013,-0.00013,-3e-05,55.66085,-3e-05,-3e-05,-2e-05,-0.00014,-7e-05,-2e-05,-2e-05,-0.00031,-0.00012,-4e-05,-6e-05,-0.00029,-0.00036,-0.00011,-6e-05
launch_pad_CL2,-7e-05,-0.0001,-0.00035,-0.00064,-7e-05,-0.00034,-8e-05,-0.01407,-5e-05,-4.6748,-3e-05,-0.00047,-3e-05,55.6539,-2e-05,-5e-05,-2e-05,-0.00011,-3e-05,-0.00173,-6e-05,-0.00026,-0.00012,-0.001,-6e-05,-0.00018,-4e-05,-0.00085
launch_pad_CL3,-0.00082,-0.00038,-8e-05,-8e-05,-0.01474,-0.0001,-0.00021,-6e-05,-0.00057,-4e-05,-4.67647,-4e-05,-3e-05,-2e-05,55.64884,-2e-05,-0.00173,-2e-05,-0.00011,-2e-05,-0.00157,-7e-05,0.0,-6e-05,-0.00117,-7e-05,-0.00041,-6e-05
launch_pad_CL4,-0.00014,-8e-05,-0.00039,-0.00012,-7e-05,-9e-05,-0.0003,-0.00038,-3e-05,-0.00013,-0.0002,-4.67049,-2e-05,-5e-05,-2e-05,55.67683,-2e-05,-2e-05,-7e-05,-0.00011,-5e-05,-0.00015,-0.0002,-0.00017,-6e-05,-8e-05,-0.00011,-0.00029
launch_pad_R1,-0.00046,-0.00049,-8e-05,-6e-05,-4.72237,-0.00013,-0.00017,-6e-05,-0.0027,-4e-05,-0.00338,-3e-05,-0.00014,-2e-05,-0.00173,-2e-05,55.64492,-4e-05,-8e-05,-3e-05,-0.00147,-2e-05,-0.00021,-4e-05,-0.00141,-0.0001,-0.00015,-4e-05
launch_pad_R2,-8e-05,-0.00059,-0.00018,-0.00137,-0.00014,-4.71271,-3e-05,-0.00026,-0.00014,-0.00392,-6e-05,-8e-05,-7e-05,-0.00011,-2e-05,-2e-05,-4e-05,55.6761,-4e-05,-3e-05,-0.00029,-0.00155,-7e-05,-0.0002,-0.00021,-0.00119,-0.00045,-0.00018
launch_pad_R3,-0.00143,-0.00022,-0.00051,-0.0001,-0.00026,-8e-05,-4.71275,-0.0001,-6e-05,-6e-05,-0.00397,-0.00013,-2e-05,-3e-05,-0.00011,-7e-05,-8e-05,-4e-05,55.66314,-7e-05,-0.00027,-9e-05,-0.00153,-0.0001,-0.00025,-0.00011,-0.00132,-0.00012
launch_pad_R4,-7e-05,-0.0001,-0.00043,-0.00044,-7e-05,-0.00019,-0.00012,-4.70981,-3e-05,-0.00349,-4e-05,-0.00262,-2e-05,-0.00173,-2e-05,-0.00011,-3e-05,-3e-05,-7e-05,55.6706,-5e-05,-0.00029,-7e-05,-0.00113,-5e-05,-0.00012,-0.00011,-0.00114
pad_bot_Q1,-13.26098,-1.06178,-0.00254,-0.00034,-13.28438,-0.00121,-0.00293,-0.0003,-0.30879,-0.00021,-0.01998,-0.00037,-0.00031,-6e-05,-0.00157,-5e-05,-0.00147,-0.00029,-0.00027,-5e-05,129.21997,-0.00082,-0.01208,-0.00053,-38.3856,-0.00165,-0.00852,-0.00083
pad_bot_Q2,-0.0069,-13.32655,-0.01226,-1.16931,0.0,-13.36549,-0.00128,-0.00244,-0.00118,-0.29781,-0.00081,-0.00041,-0.00012,-0.00026,-7e-05,-0.00015,-2e-05,-0.00155,-9e-05,-0.00029,-0.00082,127.1154,-0.00298,-0.00463,-0.00063,-37.73433,-0.00397,-0.00751
pad_bot_Q3,-1.19185,-0.01203,-13.38732,-0.00231,-0.0018,-0.0014,-13.439,-0.00057,-0.00066,-0.00032,-0.29043,-0.001,-4e-05,-0.00012,0.0,-0.0002,-0.00021,-7e-05,-0.00153,-7e-05,-0.01208,-0.00298,125.12034,-0.0007,-0.00944,-0.00409,-37.10971,-0.00053
pad_bot_Q4,-0.00097,-0.0016,-1.08145,-13.49976,-0.00034,-0.003,-0.00078,-13.49353,-0.00023,-0.01895,-0.00023,-0.29245,-6e-05,-0.001,-6e-05,-0.00017,-4e-05,-0.0002,-0.0001,-0.00113,-0.00053,-0.00463,-0.0007,123.16307,-0.00024,-0.01272,-0.001,-36.48665
pad_top_Q1,-1.01798,-13.5146,-0.00216,-0.00043,-1.03956,-0.00067,-0.0031,-0.00027,-0.64161,-0.00028,-0.01457,-0.00034,-0.00029,-6e-05,-0.00117,-6e-05,-0.00141,-0.00021,-0.00025,-5e-05,-38.3856,-0.00063,-0.00944,-0.00024,122.50211,-0.00226,-0.01094,-0.00032
pad_top_Q2,-0.00294,-1.01098,-0.01643,-13.88014,-0.00297,-1.01623,-0.00228,-0.0027,0.0,-0.56849,-0.00064,-0.00087,-0.00036,-0.00018,-7e-05,-8e-05,-0.0001,-0.00119,-0.00011,-0.00012,-0.00165,-37.73433,-0.00409,-0.01272,-0.00226,120.37611,-0.00348,-0.01189
pad_top_Q3,-13.99225,-0.01772,-1.02575,-0.00177,-0.00402,-0.00131,-1.03081,-0.00022,-0.00118,-0.00052,-0.54121,-0.00074,-0.00011,-4e-05,-0.00041,-0.00011,-0.00015,-0.00045,-0.00132,-0.00011,-0.00852,-0.00397,-37.10971,-0.001,-0.01094,-0.00348,118.36603,-0.00108
pad_top_Q4,-0.00106,-0.00222,-13.72947,-1.06224,-0.00028,-0.00283,-0.00081,-1.08056,-0.00022,-0.01445,-0.00032,-0.55755,-6e-05,-0.00085,-6e-05,-0.00029,-4e-05,-0.00018,-0.00012,-0.00114,-0.00083,-0.00751,-0.00053,-36.48665,-0.00032,-0.01189,-0.00108,116.36698
