Setup:LastAdaptive
Problem Type:  C
C Units:fF, G Units:mSie
Reduce Matrix:  Original
Frequency:  5GHz

Capacitance Matrix
	a_connector_pad_Q4	b_connector_pad_Q4	c_connector_pad_Q4	cl_metal_Q4	ground_main_plane	pad_bot_Q4	pad_top_Q4	
a_connector_pad_Q4	3.525164250700725E+01	-4.330474456913477E-02	-9.802479898955545E-02	-3.246456652563743E-03	-3.040125246189702E+01	-3.636812455657503E+00	-5.945126970384481E-01
b_connector_pad_Q4	-4.330474456913477E-02	3.398097128880693E+01	-3.538815858926647E-02	-3.458838231402966E-03	-2.966915219778073E+01	-5.324819915896586E-01	-3.257874092993962E+00
c_connector_pad_Q4	-9.802479898955545E-02	-3.538815858926647E-02	4.583317843406775E+01	-2.779106046100076E-02	-3.464900906850652E+01	-9.186575747068940E+00	-1.107738416302741E+00
cl_metal_Q4	-3.246456652563743E-03	-3.458838231402966E-03	-2.779106046100076E-02	1.601589310449181E+01	-1.537411529006024E+01	-1.754797357649780E-01	-3.690695611037631E-01
ground_main_plane	-3.040125246189702E+01	-2.966915219778073E+01	-3.464900906850652E+01	-1.537411529006024E+01	2.831081659956226E+02	-5.537280622825114E+01	-5.986957298949914E+01
pad_bot_Q4	-3.636812455657503E+00	-5.324819915896586E-01	-9.186575747068940E+00	-1.754797357649780E-01	-5.537280622825114E+01	1.118410210134145E+02	-3.919198480431053E+01
pad_top_Q4	-5.945126970384481E-01	-3.257874092993962E+00	-1.107738416302741E+00	-3.690695611037631E-01	-5.986957298949914E+01	-3.919198480431053E+01	1.083032190889681E+02


Conductance Matrix
	a_connector_pad_Q4	b_connector_pad_Q4	c_connector_pad_Q4	cl_metal_Q4	ground_main_plane	pad_bot_Q4	pad_top_Q4	
a_connector_pad_Q4	0.000000000000000E+00	0.000000000000000E+00	0.000000000000000E+00	0.000000000000000E+00	0.000000000000000E+00	0.000000000000000E+00	0.000000000000000E+00
b_connector_pad_Q4	0.000000000000000E+00	0.000000000000000E+00	0.000000000000000E+00	0.000000000000000E+00	0.000000000000000E+00	0.000000000000000E+00	0.000000000000000E+00
c_connector_pad_Q4	0.000000000000000E+00	0.000000000000000E+00	0.000000000000000E+00	0.000000000000000E+00	0.000000000000000E+00	0.000000000000000E+00	0.000000000000000E+00
cl_metal_Q4	0.000000000000000E+00	0.000000000000000E+00	0.000000000000000E+00	0.000000000000000E+00	0.000000000000000E+00	0.000000000000000E+00	0.000000000000000E+00
ground_main_plane	0.000000000000000E+00	0.000000000000000E+00	0.000000000000000E+00	0.000000000000000E+00	0.000000000000000E+00	0.000000000000000E+00	0.000000000000000E+00
pad_bot_Q4	0.000000000000000E+00	0.000000000000000E+00	0.000000000000000E+00	0.000000000000000E+00	0.000000000000000E+00	0.000000000000000E+00	0.000000000000000E+00
pad_top_Q4	0.000000000000000E+00	0.000000000000000E+00	0.000000000000000E+00	0.000000000000000E+00	0.000000000000000E+00	0.000000000000000E+00	0.000000000000000E+00
