,a_connector_pad_Q4,b_connector_pad_Q4,c_connector_pad_Q4,cl_metal_Q4,ground_main_plane,pad_bot_Q4,pad_top_Q4
a_connector_pad_Q4,35.25164,-0.0433,-0.09802,-0.00325,-30.40125,-3.63681,-0.59451
b_connector_pad_Q4,-0.0433,33.98097,-0.03539,-0.00346,-29.66915,-0.53248,-3.25787
c_connector_pad_Q4,-0.09802,-0.03539,45.83318,-0.02779,-34.64901,-9.18658,-1.10774
cl_metal_Q4,-0.00325,-0.00346,-0.02779,16.01589,-15.37412,-0.17548,-0.36907
ground_main_plane,-30.40125,-29.66915,-34.64901,-15.37412,283.10817,-55.37281,-59.86957
pad_bot_Q4,-3.63681,-0.53248,-9.18658,-0.17548,-55.37281,111.84102,-39.19198
pad_top_Q4,-0.59451,-3.25787,-1.10774,-0.36907,-59.86957,-39.19198,108.30322
